УПОРЕДНИ ПРЕГЛЕД БРОЈА СТАНОВНИКА 1948, 1953, 1961, 1971, 1981, 1991. И 2003. ГОДИНЕ
1948 1953 1961 1971 1981 1991 2003 1991 2003
по методологији ранијих пописа по методологији пописа
2003.
Број становника
Дио 1
- За Републику Црну Гору и општине -
Република Црна Гора 419950 471994 529604 584310 615035 673094 593504 620145
377305
Андријевица 10327 9792 8966 7712 6696 6383 6561 5785
10067
Бар 23009 24587 27580 32535 37321 45246 34463 40037
21487
Беране 30316 34280 40385 42060 38953 40821 37759 35068
27646
Бијело Поље 41432 46651 52598 55634 55268 57067 54590 50284
36795
Будва 4364 4834 6106 8632 11717 16146 11547 15909
3825
Даниловград 17394 17378 15073 14769 14718 16636 14585 16523
16800
Жабљак 6773 6564 6141 5227 4914 4239 4900 4204
5907
Колашин 14896 14882 13799 12656 11120 10043 11046 9949
14074
Котор 15436 16642 18917 20455 22410 23541 22137 22947
14124
Мојковац 7252 8832 9833 10753 10830 10280 10743 10066
5856
Никшић 46589 57399 66815 72299 74706 76677 73983 75282
38359
Плав 17330 18913 19542 19560 19305 21560 15998 13805
15764
Плужине 8952 9164 9078 6254 5247 4295 5221 4272
8030
Пљевља 40876 46677 46843 43316 39593 36913 39405 35806
35926
Подгорица 55669 72319 98796 132290 152025 179401 146121 169132
48599
Рожаје 12668 14700 16018 20227 22976 27559 22474 22693
11047
Тиват 5432 5974 6925 9315 11429 14006 11186 13630
5030
Улцињ 14080 16213 18955 21576 24217 26451 19861 20290
12861
Херцег Нови 13759 15157 18368 23258 27593 34102 27073 33034
12482
Цетиње 25549 23503 22024 20213 20307 18754 20171 18482
25114
Шавник 7847 7533 6842 5569 3690 2974 3680 2947
7512
